1645868413.115920544 1.000000000 0.000000000 -0.000000000 0.000041408 -0.000000000 1.000000000 0.000000000 -0.000056138 0.000000000 -0.000000000 1.000000000 -0.000041564 0.000000000 0.000000000 0.000000000 1.000000000
1645868421.215953827 0.998113709 -0.061258108 -0.004058020 0.499367612 0.061294061 0.998075269 0.009423188 -0.049307979 0.003472963 -0.009654145 0.999947367 0.005397956 0.000000000 0.000000000 0.000000000 1.000000000
1645868422.715677738 0.991875291 -0.127050442 -0.006449280 1.003941025 0.127089869 0.991872311 0.006122376 -0.009724147 0.005619011 -0.006892272 0.999960461 -0.008161782 0.000000000 0.000000000 0.000000000 1.000000000
1645868424.415634394 0.981715651 -0.190352788 -0.000443273 1.518211389 0.190352741 0.981715749 -0.000145478 0.097734484 0.000462860 0.000058440 0.999999891 -0.004825691 0.000000000 0.000000000 0.000000000 1.000000000
1645868426.115129471 0.974853572 -0.222577922 -0.010935353 2.017004029 0.222508609 0.974904086 -0.007207129 0.198971902 0.012265068 0.004592685 0.999914234 0.010408165 0.000000000 0.000000000 0.000000000 1.000000000
1645868427.815176725 0.965685098 -0.259492985 0.010755552 2.520467232 0.259433162 0.965738160 0.006651404 0.336851918 -0.012113040 -0.003632815 0.999920035 0.010992484 0.000000000 0.000000000 0.000000000 1.000000000
1645868429.714985132 0.958850430 -0.283884285 -0.003945345 3.016157741 0.283885630 0.958858122 -0.000226600 0.521261971 0.003847355 -0.000902752 0.999992191 0.004155984 0.000000000 0.000000000 0.000000000 1.000000000
1645868431.215128899 0.955553650 -0.294811695 0.001812778 3.518782894 0.294817172 0.955540243 -0.005067511 0.677363052 -0.000238221 0.005376716 0.999985517 0.012497196 0.000000000 0.000000000 0.000000000 1.000000000
1645868432.514899731 0.952675790 -0.303962355 0.003965670 3.996622673 0.303970836 0.952679761 -0.001732953 0.843131578 -0.003251261 0.002856390 0.999990635 0.013019276 0.000000000 0.000000000 0.000000000 1.000000000
1645868433.914882660 0.950204802 -0.311625651 0.000535658 4.469159464 0.311624881 0.950204477 0.001177352 1.028796395 -0.000875877 -0.000951802 0.999999163 0.011386377 0.000000000 0.000000000 0.000000000 1.000000000
1645868435.414958954 0.947343543 -0.320214839 0.001633536 4.963666233 0.320214123 0.947344942 0.000689901 1.196955576 -0.001768439 -0.000130492 0.999998428 0.028684571 0.000000000 0.000000000 0.000000000 1.000000000
1645868436.815085173 0.940148432 -0.340743517 0.003844715 5.449972573 0.340719395 0.940147206 0.005790038 1.405118734 -0.005587516 -0.004133526 0.999975847 0.016791041 0.000000000 0.000000000 0.000000000 1.000000000
1645868438.215046644 0.939796413 -0.341734809 0.000146657 5.920813996 0.341733752 0.939794417 0.002120596 1.589482004 -0.000862509 -0.001942811 0.999997741 0.031208019 0.000000000 0.000000000 0.000000000 1.000000000
1645868439.714809895 0.938034524 -0.346503600 0.005146507 6.421977139 0.346540100 0.937973183 -0.010782704 1.782903720 -0.001091040 0.011898020 0.999928621 0.018829817 0.000000000 0.000000000 0.000000000 1.000000000
1645868441.214887142 0.930507026 -0.366233323 0.005461373 6.909211958 0.366259478 0.930233619 -0.022790545 1.982019219 0.003266304 0.023207042 0.999725345 -0.019803465 0.000000000 0.000000000 0.000000000 1.000000000
1645868442.514823914 0.926252379 -0.376770122 0.010040240 7.374189409 0.376901818 0.925830606 -0.027976937 2.165202926 0.001245313 0.029697889 0.999558145 0.017088739 0.000000000 0.000000000 0.000000000 1.000000000
1645868443.915058374 0.926414911 -0.376389793 0.009280937 7.864834682 0.376504194 0.926129561 -0.022991918 2.364694162 0.000058573 0.024794368 0.999692571 0.026395764 0.000000000 0.000000000 0.000000000 1.000000000
1645868445.115030766 0.930226668 -0.366591438 0.017001876 8.340841754 0.366863031 0.930114496 -0.017278327 2.531864333 -0.009479605 0.022310120 0.999706155 0.015845628 0.000000000 0.000000000 0.000000000 1.000000000
1645868446.415189266 0.934316348 -0.356295874 0.010305960 8.833212807 0.356357449 0.934337025 -0.004867417 2.742546505 -0.007894999 0.008220312 0.999935046 0.005346045 0.000000000 0.000000000 0.000000000 1.000000000
1645868447.614887476 0.937302088 -0.348515027 -0.001439669 9.347958853 0.348502207 0.937290942 -0.005648163 2.914014733 0.003317858 0.004792307 0.999983013 0.001300070 0.000000000 0.000000000 0.000000000 1.000000000
1645868448.715087652 0.941348558 -0.337425378 -0.002647101 9.831000022 0.337393399 0.941325719 -0.008460764 3.108229314 0.005346660 0.007071414 0.999960703 0.009912283 0.000000000 0.000000000 0.000000000 1.000000000
1645868449.915076733 0.941273606 -0.337644313 -0.000563318 10.336869946 0.337641406 0.941270344 -0.002901842 3.269179714 0.001510025 0.002541227 0.999995631 0.086759364 0.000000000 0.000000000 0.000000000 1.000000000
1645868451.014903069 0.928380950 -0.371606099 -0.004209279 10.802815002 0.371588308 0.928386937 -0.004452578 3.450877847 0.005562445 0.002569570 0.999981228 0.019630224 0.000000000 0.000000000 0.000000000 1.000000000
1645868452.215136528 0.911171928 -0.411996721 0.004941583 11.275990311 0.412012416 0.911174223 -0.002702703 3.659397402 -0.003389138 0.004498620 0.999984138 0.012389423 0.000000000 0.000000000 0.000000000 1.000000000
1645868453.615312338 0.892174761 -0.451613114 0.008354080 11.746873726 0.451597654 0.892213775 0.003760024 3.861900735 -0.009151701 0.000418084 0.999958035 0.005936331 0.000000000 0.000000000 0.000000000 1.000000000
1645868455.115183830 0.876783309 -0.480827840 0.007457754 12.205855025 0.480847979 0.876803319 -0.001077573 4.109959892 -0.006020857 0.004530844 0.999971610 0.009521148 0.000000000 0.000000000 0.000000000 1.000000000
1645868456.515069008 0.854829482 -0.518875435 0.005902474 12.642945109 0.518868714 0.854849555 0.002737855 4.395570538 -0.006466333 0.000722210 0.999978832 -0.027476036 0.000000000 0.000000000 0.000000000 1.000000000
1645868457.715399265 0.839452346 -0.543396757 0.006302639 13.067078532 0.543377637 0.839475902 0.004577586 4.666742898 -0.007778359 -0.000417952 0.999969661 0.018270855 0.000000000 0.000000000 0.000000000 1.000000000
1645868459.015464783 0.829097092 -0.558939106 0.013604727 13.515710359 0.558894951 0.829207112 0.007210982 4.952734245 -0.015311636 0.001625009 0.999881450 0.019600405 0.000000000 0.000000000 0.000000000 1.000000000
1645868460.415241718 0.880284710 -0.474225367 0.014461341 13.971946378 0.473819216 0.880279661 0.024557464 5.245042917 -0.024375797 -0.014765499 0.999593818 -0.006242105 0.000000000 0.000000000 0.000000000 1.000000000
1645868461.915359020 0.917227742 -0.398101151 0.014447934 14.412287584 0.397742784 0.917220066 0.022539471 5.498124748 -0.022224924 -0.014927266 0.999641550 -0.005660570 0.000000000 0.000000000 0.000000000 1.000000000
1645868463.515312433 0.933295383 -0.358940630 0.011016013 14.886706053 0.358767016 0.933305822 0.015048978 5.749100239 -0.015682999 -0.010092960 0.999826073 -0.033599402 0.000000000 0.000000000 0.000000000 1.000000000
1645868464.715343475 0.946675341 -0.322015783 0.010565707 15.370827044 0.321715812 0.946553154 0.023153046 5.950461879 -0.017456649 -0.018519262 0.999676099 -0.042821958 0.000000000 0.000000000 0.000000000 1.000000000
1645868465.914922953 0.961451674 -0.274479035 0.016490556 15.838212350 0.273589347 0.960899309 0.042677709 6.138786649 -0.027559900 -0.036520914 0.998952789 -0.043430303 0.000000000 0.000000000 0.000000000 1.000000000
1645868466.915076017 0.979903220 -0.199345974 0.007131710 16.309276612 0.198811838 0.978938061 0.046412562 6.311334964 -0.016233660 -0.044061951 0.998896898 -0.074664926 0.000000000 0.000000000 0.000000000 1.000000000
1645868468.115284204 0.970205829 -0.242266388 -0.002765136 16.792868292 0.242170024 0.969346392 0.041487966 6.492938878 -0.007370765 -0.040921499 0.999135177 -0.071783318 0.000000000 0.000000000 0.000000000 1.000000000
1645868469.514928341 0.969026533 -0.246569282 0.013826317 17.254624918 0.246167124 0.968886785 0.025693297 6.693782025 -0.019731313 -0.021493902 0.999574253 -0.066355884 0.000000000 0.000000000 0.000000000 1.000000000
1645868470.915354729 0.973480660 -0.228745717 -0.003286426 17.725351327 0.228764548 0.973452711 0.007523388 6.904751443 0.001478238 -0.008075691 0.999966298 -0.098912248 0.000000000 0.000000000 0.000000000 1.000000000
1645868472.115193129 0.985503401 -0.169268066 0.011461644 18.209124676 0.169253279 0.985570009 0.002255098 7.062635642 -0.011677969 -0.000282486 0.999931770 -0.073870105 0.000000000 0.000000000 0.000000000 1.000000000
1645868473.114791870 0.997437014 -0.068367603 0.021101536 18.690563945 0.068153545 0.997617434 0.010702775 7.315650331 -0.021782984 -0.009237200 0.999720049 -0.095683509 0.000000000 0.000000000 0.000000000 1.000000000
1645868474.314924240 0.999991246 0.001216336 0.004003592 19.224627787 -0.001428130 0.998575895 0.053330506 7.426160310 -0.003933023 -0.053335757 0.998568890 -0.110342930 0.000000000 0.000000000 0.000000000 1.000000000
1645868475.415023088 0.999694677 0.023925020 0.006176293 19.748718390 -0.024313182 0.997022383 0.073179481 7.484251108 -0.004407082 -0.073307303 0.997299663 -0.113580276 0.000000000 0.000000000 0.000000000 1.000000000
1645868476.614975214 0.999864342 0.016469806 0.000207018 20.290518056 -0.016444997 0.997493162 0.068825525 7.545758456 0.000927044 -0.068819593 0.997628691 -0.100903157 0.000000000 0.000000000 0.000000000 1.000000000
1645868477.915164948 0.999611208 0.019633904 -0.019797520 20.818894799 -0.018258968 0.997559731 0.067388374 7.581956269 0.021072306 -0.067000691 0.997530383 -0.104256754 0.000000000 0.000000000 0.000000000 1.000000000
1645868479.114823580 0.996704421 0.080611377 0.009061033 21.369054837 -0.080902266 0.995980652 0.038436499 7.560755984 -0.005926195 -0.039042886 0.999219962 -0.091558740 0.000000000 0.000000000 0.000000000 1.000000000
1645868480.015041351 0.999206967 0.029234711 0.027032750 21.885096121 -0.030457800 0.998477086 0.045998156 7.587759567 -0.025646839 -0.046785036 0.998575686 -0.111772288 0.000000000 0.000000000 0.000000000 1.000000000
1645868480.914890528 0.998734242 0.025482456 0.043365408 22.415408131 -0.027710887 0.998283981 0.051586821 7.592794645 -0.041976433 -0.052723219 0.997726536 -0.121693160 0.000000000 0.000000000 0.000000000 1.000000000
1645868481.815113544 0.995197390 0.091265320 0.035394852 22.953167985 -0.093220807 0.993941808 0.058219954 7.588243079 -0.029866961 -0.061239883 0.997676121 -0.157540433 0.000000000 0.000000000 0.000000000 1.000000000
1645868482.614980698 0.993528693 0.106786336 0.038696445 23.519597650 -0.108507923 0.993053123 0.045514025 7.548343380 -0.033567350 -0.049418361 0.998213934 -0.173123050 0.000000000 0.000000000 0.000000000 1.000000000
1645868483.315172434 0.996713548 0.077670358 0.023009103 24.051374837 -0.078532887 0.996136091 0.039312517 7.572272120 -0.019866780 -0.040990289 0.998962015 -0.190288765 0.000000000 0.000000000 0.000000000 1.000000000
1645868484.015182018 0.998212096 0.058754727 0.010976927 24.563310473 -0.059136201 0.997509014 0.038453566 7.592093277 -0.008690255 -0.039033948 0.999200095 -0.184950176 0.000000000 0.000000000 0.000000000 1.000000000
1645868484.715154648 0.998430606 0.053254846 0.017327631 25.064630345 -0.054011926 0.997450686 0.046635195 7.618936724 -0.014799907 -0.047497905 0.998761689 -0.196954798 0.000000000 0.000000000 0.000000000 1.000000000
1645868485.515160084 0.997809896 0.065459798 0.009509324 25.598709110 -0.065940816 0.995707939 0.064942346 7.652055591 -0.005217396 -0.065427168 0.997843707 -0.187841952 0.000000000 0.000000000 0.000000000 1.000000000
1645868486.315001726 0.996472839 0.079965067 0.025445428 26.119442332 -0.081153950 0.995459558 0.049742381 7.656988668 -0.021352241 -0.051631928 0.998437893 -0.201928646 0.000000000 0.000000000 0.000000000 1.000000000
1645868487.215125322 0.999142230 0.039511217 0.012396270 26.644206914 -0.040115450 0.997787383 0.053019713 7.689064685 -0.010273969 -0.053471516 0.998516521 -0.218990761 0.000000000 0.000000000 0.000000000 1.000000000
1645868488.014889717 0.999503226 0.027087242 0.016111567 27.160152284 -0.028095010 0.997422985 0.066015597 7.704780819 -0.014281867 -0.066435457 0.997688508 -0.204748974 0.000000000 0.000000000 0.000000000 1.000000000
1645868488.815159082 0.999375355 0.032513239 0.013848763 27.689857522 -0.033243714 0.997862205 0.056266106 7.732318687 -0.011989764 -0.056691344 0.998319757 -0.212172143 0.000000000 0.000000000 0.000000000 1.000000000
1645868489.615163326 0.998579913 0.052025371 0.011468133 28.208136674 -0.052490057 0.997614067 0.044843813 7.736660812 -0.009107755 -0.045382094 0.998928183 -0.241664999 0.000000000 0.000000000 0.000000000 1.000000000
1645868490.614973068 0.999136830 0.039855598 0.011710093 28.722636150 -0.040394346 0.997927896 0.050082040 7.757294089 -0.009689779 -0.050511832 0.998676456 -0.223366420 0.000000000 0.000000000 0.000000000 1.000000000
1645868491.514951229 0.998234573 0.056953718 0.016852645 29.227331376 -0.057739514 0.997051392 0.050543750 7.692120322 -0.013924299 -0.051427582 0.998579650 -0.244618242 0.000000000 0.000000000 0.000000000 1.000000000
1645868492.415035248 0.996796010 0.078964381 0.012741309 29.787457368 -0.079466705 0.995799833 0.045472362 7.649799803 -0.009097097 -0.046339179 0.998884339 -0.283138844 0.000000000 0.000000000 0.000000000 1.000000000
1645868493.314947605 0.997017443 0.076178002 0.012374567 30.290021481 -0.076583028 0.996396535 0.036455239 7.595276861 -0.009552889 -0.037294191 0.999258668 -0.269166288 0.000000000 0.000000000 0.000000000 1.000000000
1645868494.214970350 0.998530566 0.050577618 0.019457969 30.802490407 -0.051296620 0.997944101 0.038421701 7.565177402 -0.017474687 -0.039363371 0.999072150 -0.290522409 0.000000000 0.000000000 0.000000000 1.000000000
1645868495.115189075 0.998861145 0.045253202 0.015118192 31.307535440 -0.045721645 0.998434217 0.032228011 7.548825426 -0.013636100 -0.032882536 0.999366197 -0.249785758 0.000000000 0.000000000 0.000000000 1.000000000
1645868496.014970779 0.998901864 0.045397820 0.011580359 31.811489650 -0.045656640 0.998688654 0.023161259 7.507670160 -0.010513702 -0.023664545 0.999664669 -0.272489247 0.000000000 0.000000000 0.000000000 1.000000000
1645868497.014972687 0.999649467 0.025875096 0.005605614 32.317547878 -0.026000743 0.999382377 0.023639502 7.467488957 -0.004990477 -0.023776966 0.999704832 -0.294057700 0.000000000 0.000000000 0.000000000 1.000000000
1645868497.914982319 0.999878248 0.001363125 0.015544464 32.816888658 -0.001582270 0.999899418 0.014094324 7.412977524 -0.015523688 -0.014117204 0.999779836 -0.256427535 0.000000000 0.000000000 0.000000000 1.000000000
1645868498.614809752 0.999106866 -0.034173704 0.024852144 33.322493764 0.033738017 0.999273181 0.017744207 7.400370487 -0.025440466 -0.016889897 0.999533648 -0.328372764 0.000000000 0.000000000 0.000000000 1.000000000
1645868499.414978743 0.998972180 -0.040071381 0.021186485 33.885464982 0.039436056 0.998783586 0.029599758 7.497243191 -0.022346816 -0.028733824 0.999337274 -0.324533700 0.000000000 0.000000000 0.000000000 1.000000000
1645868500.214955568 0.999950879 -0.004868037 0.008633742 34.407170884 0.004623963 0.999595323 0.028067934 7.484260644 -0.008766883 -0.028026633 0.999568732 -0.331741013 0.000000000 0.000000000 0.000000000 1.000000000
1645868501.114994526 0.999649839 0.018631841 0.018789712 34.934248654 -0.019128378 0.999463077 0.026601932 7.495203459 -0.018283981 -0.026952033 0.999469501 -0.287621096 0.000000000 0.000000000 0.000000000 1.000000000
1645868502.115072250 0.999848984 0.005334564 0.016539416 35.450619809 -0.006040130 0.999060792 0.042907470 7.546973658 -0.016294989 -0.043000891 0.998942139 -0.339315121 0.000000000 0.000000000 0.000000000 1.000000000
1645868503.014747620 0.999759415 -0.002553857 0.021785089 35.954662130 0.001456093 0.998735185 0.050258430 7.533834779 -0.021885888 -0.050214617 0.998498623 -0.278953961 0.000000000 0.000000000 0.000000000 1.000000000
1645868503.814982891 0.999567005 0.026887903 0.011951687 36.480006987 -0.027419586 0.998527643 0.046805040 7.547991168 -0.010675600 -0.047112484 0.998832541 -0.359637260 0.000000000 0.000000000 0.000000000 1.000000000
1645868504.715232372 0.998484748 0.051205907 0.020153486 37.025999510 -0.051938058 0.997940047 0.037657678 7.521745865 -0.018183675 -0.038647350 0.999087452 -0.352377218 0.000000000 0.000000000 0.000000000 1.000000000
1645868505.714806318 0.998955450 0.038083549 0.025251772 37.580639237 -0.038790767 0.998851199 0.028134637 7.547123569 -0.024151296 -0.029084784 0.999285140 -0.351859084 0.000000000 0.000000000 0.000000000 1.000000000
1645868506.715101004 0.999575578 0.025549325 0.013996279 38.134984229 -0.026094697 0.998847730 0.040277534 7.588604423 -0.012951088 -0.040625668 0.999090499 -0.374893051 0.000000000 0.000000000 0.000000000 1.000000000
1645868507.614965916 0.997212416 0.071955727 0.019742607 38.702355340 -0.072810074 0.996254447 0.046645158 7.589173203 -0.016312273 -0.047952591 0.998716406 -0.414219455 0.000000000 0.000000000 0.000000000 1.000000000
1645868508.415245295 0.998570241 0.050347531 0.017961073 39.230809780 -0.051027523 0.997909573 0.039656989 7.587235635 -0.015926895 -0.040516798 0.999051912 -0.396346927 0.000000000 0.000000000 0.000000000 1.000000000
1645868509.215144396 0.998351905 0.050385911 0.027472418 39.787561234 -0.051386545 0.997992359 0.037022612 7.548065529 -0.025551845 -0.038373308 0.998936731 -0.402804426 0.000000000 0.000000000 0.000000000 1.000000000
1645868510.015010118 0.999182212 0.037534833 0.015034727 40.361729488 -0.037985071 0.998801275 0.030873076 7.516121071 -0.013857889 -0.031418923 0.999410231 -0.436747225 0.000000000 0.000000000 0.000000000 1.000000000
1645868510.715124130 0.998640827 0.038043785 0.035625403 40.897508741 -0.039455222 0.998428727 0.039791495 7.478908125 -0.034055607 -0.041143020 0.998572715 -0.425399759 0.000000000 0.000000000 0.000000000 1.000000000
1645868511.414891481 0.998549119 0.052070626 0.013722509 41.442376049 -0.052436726 0.998236485 0.027826405 7.476445067 -0.012249371 -0.028505596 0.999518576 -0.455032948 0.000000000 0.000000000 0.000000000 1.000000000
1645868512.115036726 0.996082808 0.088195176 0.006375783 41.965434933 -0.088336624 0.995722412 0.027083546 7.448154366 -0.003959872 -0.027540670 0.999612841 -0.445175512 0.000000000 0.000000000 0.000000000 1.000000000
1645868512.915102482 0.994896114 0.100838187 -0.003658210 42.518218670 -0.100735566 0.994674415 0.021798048 7.402239650 0.005836803 -0.021318281 0.999755701 -0.369209332 0.000000000 0.000000000 0.000000000 1.000000000
1645868513.614976645 0.997525462 0.070276335 -0.002046827 43.033516947 -0.070214235 0.997287346 0.022088704 7.379019334 0.003593588 -0.021890328 0.999753920 -0.442088516 0.000000000 0.000000000 0.000000000 1.000000000
1645868514.315209627 0.996595215 0.073157285 0.038026170 43.604796623 -0.074430881 0.996672364 0.033230144 7.392381411 -0.035468606 -0.035947324 0.998724070 -0.465697971 0.000000000 0.000000000 0.000000000 1.000000000
1645868515.015190840 0.993930498 0.108475180 0.018311190 44.139715337 -0.109131225 0.993232442 0.039745348 7.383849564 -0.013875885 -0.041502436 0.999042045 -0.461610471 0.000000000 0.000000000 0.000000000 1.000000000
1645868515.715028048 0.989371098 0.142677620 0.028070037 44.705113324 -0.143976286 0.988238582 0.051529932 7.349321194 -0.020387726 -0.055023645 0.998276885 -0.462209610 0.000000000 0.000000000 0.000000000 1.000000000
1645868516.415099621 0.983344048 0.180452070 0.021714836 45.258430217 -0.181295364 0.982318910 0.046707072 7.282851942 -0.012902506 -0.049865921 0.998672577 -0.487555796 0.000000000 0.000000000 0.000000000 1.000000000
1645868517.114898682 0.973764052 0.223814434 0.041117750 45.845789496 -0.225397615 0.973485594 0.039009149 7.211322977 -0.031296726 -0.047253549 0.998392516 -0.484896931 0.000000000 0.000000000 0.000000000 1.000000000
1645868517.715259075 0.965572449 0.257689481 0.035580575 46.359442496 -0.258888014 0.965287944 0.034585852 7.108503301 -0.025433090 -0.042606530 0.998768162 -0.533604479 0.000000000 0.000000000 0.000000000 1.000000000
1645868518.415062904 0.960649935 0.276963615 0.021044184 46.906576998 -0.277542018 0.960144774 0.033052092 7.017675256 -0.011051236 -0.037592135 0.999232056 -0.453319496 0.000000000 0.000000000 0.000000000 1.000000000
1645868519.115094662 0.960428750 0.278203680 0.013391397 47.464160869 -0.278504940 0.959834519 0.033951362 6.908403731 -0.003408131 -0.036337434 0.999333766 -0.515617725 0.000000000 0.000000000 0.000000000 1.000000000
1645868519.814969063 0.959216351 0.282069213 0.018464846 47.976603273 -0.282553192 0.958663370 0.033589220 6.774045321 -0.008227086 -0.037436630 0.999265137 -0.533456403 0.000000000 0.000000000 0.000000000 1.000000000
1645868520.614980221 0.960109404 0.278262283 0.027568700 48.547550117 -0.279099705 0.959676394 0.033534656 6.712239541 -0.017125601 -0.039891354 0.999057252 -0.518445278 0.000000000 0.000000000 0.000000000 1.000000000
1645868521.314752340 0.964271914 0.262524730 0.035502698 49.046741606 -0.263892166 0.963648059 0.041753357 6.642565921 -0.023250817 -0.049630474 0.998496978 -0.553471973 0.000000000 0.000000000 0.000000000 1.000000000
1645868522.115204334 0.966204647 0.254015334 0.043872441 49.590652127 -0.255392465 0.966395756 0.029222125 6.562814232 -0.034975273 -0.039439244 0.998609672 -0.588355693 0.000000000 0.000000000 0.000000000 1.000000000
1645868522.914925337 0.968405421 0.249286079 -0.006884136 50.095777225 -0.248967350 0.968019759 0.030870771 6.406453317 0.014359633 -0.028181497 0.999499677 -0.544756026 0.000000000 0.000000000 0.000000000 1.000000000
1645868523.715067148 0.987576085 0.155943667 0.019366156 50.614894232 -0.156463042 0.987256167 0.029061609 6.342521130 -0.014587383 -0.031730638 0.999390001 -0.627075002 0.000000000 0.000000000 0.000000000 1.000000000
1645868524.615209579 0.990505589 0.134440822 0.028711369 51.156481795 -0.135364044 0.990243670 0.033076425 6.231966242 -0.023984430 -0.036648871 0.999040343 -0.579962793 0.000000000 0.000000000 0.000000000 1.000000000
1645868525.315145016 0.990506529 0.133399218 0.033188332 51.661207949 -0.134148343 0.990728774 0.021464356 6.132851400 -0.030017307 -0.025712745 0.999218603 -0.577437907 0.000000000 0.000000000 0.000000000 1.000000000
1645868526.015047550 0.988560015 0.149589237 0.019291354 52.231394481 -0.150034033 0.988386032 0.024142083 5.978419853 -0.015455909 -0.026760257 0.999522388 -0.609690804 0.000000000 0.000000000 0.000000000 1.000000000
1645868526.714725256 0.985007708 0.171694847 0.016753956 52.763394409 -0.171903097 0.985042093 0.011891165 5.811671527 -0.014461700 -0.014592946 0.999788930 -0.592284433 0.000000000 0.000000000 0.000000000 1.000000000
1645868527.415019274 0.980755888 0.194793700 0.013164472 53.304886349 -0.194870376 0.980817237 0.004804528 5.665256844 -0.011976049 -0.007277435 0.999901802 -0.588557477 0.000000000 0.000000000 0.000000000 1.000000000
1645868528.114892721 0.987458814 0.157659901 0.008273262 53.822312913 -0.157626816 0.987488438 -0.004513416 5.589425050 -0.008881335 0.003152725 0.999955590 -0.587644309 0.000000000 0.000000000 0.000000000 1.000000000
1645868528.915204048 0.992847172 0.117543399 0.020929469 54.373839584 -0.117613179 0.993057199 0.002130657 5.488009985 -0.020533715 -0.004576998 0.999778684 -0.550229085 0.000000000 0.000000000 0.000000000 1.000000000
1645868529.715161085 0.994636330 0.102628544 0.012882271 54.890128933 -0.102609197 0.994719411 -0.002155712 5.433302413 -0.013035482 0.000822310 0.999914696 -0.616444633 0.000000000 0.000000000 0.000000000 1.000000000
1645868530.615020514 0.996402168 0.082549555 0.019190913 55.416642042 -0.082441380 0.996575605 -0.006362532 5.362327605 -0.019650420 0.004757516 0.999795593 -0.613066458 0.000000000 0.000000000 0.000000000 1.000000000
1645868531.715395212 0.996616083 0.081971517 0.006087144 55.949765529 -0.081862429 0.996508505 -0.016411664 5.290509339 -0.007411179 0.015857820 0.999846790 -0.622593575 0.000000000 0.000000000 0.000000000 1.000000000
1645868532.514912605 0.995033208 0.098954316 0.010814701 56.485216858 -0.098721090 0.994907832 -0.020311380 5.202872358 -0.012769529 0.019142858 0.999735210 -0.641364430 0.000000000 0.000000000 0.000000000 1.000000000
1645868533.215300560 0.994170832 0.105951167 0.019967660 57.035076855 -0.105640932 0.994275578 -0.016002106 5.123115170 -0.021548799 0.013799425 0.999672559 -0.665809663 0.000000000 0.000000000 0.000000000 1.000000000
1645868533.914785862 0.995463035 0.094130277 0.013886606 57.592772039 -0.093877186 0.995423329 -0.017873712 5.025626852 -0.015505509 0.016488985 0.999743813 -0.681092238 0.000000000 0.000000000 0.000000000 1.000000000
1645868534.615051985 0.997254447 0.072434819 0.015387148 58.134011919 -0.072122627 0.997196060 -0.019958576 4.952441100 -0.016789699 0.018794018 0.999682395 -0.671020603 0.000000000 0.000000000 0.000000000 1.000000000
1645868535.315009356 0.998374915 0.055622629 0.012395615 58.697405100 -0.055206478 0.997971394 -0.031707123 4.879010295 -0.014134103 0.030971278 0.999420336 -0.684265949 0.000000000 0.000000000 0.000000000 1.000000000
1645868536.014791250 0.998785877 0.044492347 0.021147168 59.278895707 -0.043767463 0.998477014 -0.033586639 4.808009481 -0.022609310 0.032620303 0.999212057 -0.683301973 0.000000000 0.000000000 0.000000000 1.000000000
1645868536.714777231 0.998642144 0.049377131 0.016606232 59.835482496 -0.048923681 0.998445968 -0.026685633 4.757523144 -0.017898086 0.025836960 0.999505933 -0.702157755 0.000000000 0.000000000 0.000000000 1.000000000
1645868537.415119648 0.998764627 0.048803369 0.009351482 60.348801707 -0.048536694 0.998459405 -0.026888774 4.687568805 -0.010649337 0.026401666 0.999594690 -0.701597406 0.000000000 0.000000000 0.000000000 1.000000000
1645868538.215050697 0.999602936 0.026958269 0.008198927 60.867638406 -0.026862937 0.999572705 -0.011523417 4.632541739 -0.008506075 0.011298594 0.999899989 -0.717311873 0.000000000 0.000000000 0.000000000 1.000000000
1645868539.014745474 0.999711553 -0.021703339 0.010284735 61.383935385 0.021778442 0.999736552 -0.007247533 4.614093217 -0.010124730 0.007469428 0.999920846 -0.732588855 0.000000000 0.000000000 0.000000000 1.000000000
1645868539.914732933 0.996593732 -0.081801684 0.010460321 61.914586057 0.081916986 0.996577177 -0.011114729 4.580471822 -0.009515314 0.011933747 0.999883515 -0.724686401 0.000000000 0.000000000 0.000000000 1.000000000
1645868540.715011835 0.997315072 -0.073030754 0.005399705 62.427827598 0.073043793 0.997326178 -0.002258172 4.592756567 -0.005220351 0.002646523 0.999982872 -0.721415987 0.000000000 0.000000000 0.000000000 1.000000000
1645868541.515226603 0.999954088 -0.005126175 0.008095949 62.953293972 0.005052529 0.999945911 0.009090996 4.568765793 -0.008142113 -0.009049674 0.999925902 -0.726071495 0.000000000 0.000000000 0.000000000 1.000000000
1645868542.214735985 0.999999271 0.000567055 -0.001065979 63.472800713 -0.000564383 0.999996701 0.002505711 4.541722706 0.001067397 -0.002505107 0.999996293 -0.707448338 0.000000000 0.000000000 0.000000000 1.000000000
1645868542.915001631 0.999694297 -0.002937656 0.024549597 64.052637380 0.002147824 0.999481147 0.032137579 4.577086235 -0.024631269 -0.032075026 0.999181912 -0.729637233 0.000000000 0.000000000 0.000000000 1.000000000
1645868543.714766741 0.999902721 0.001205352 0.013895876 64.620162138 -0.001501002 0.999772315 0.021285350 4.553381765 -0.013867056 -0.021304137 0.999676867 -0.748758060 0.000000000 0.000000000 0.000000000 1.000000000
1645868544.414956808 0.999837127 0.007511907 0.016410087 65.150550339 -0.007813900 0.999799860 0.018416939 4.540175378 -0.016268456 -0.018542166 0.999695716 -0.753440150 0.000000000 0.000000000 0.000000000 1.000000000
1645868545.114981651 0.999497528 0.031464277 0.003832836 65.670722809 -0.031495335 0.999469170 0.008332026 4.434270630 -0.003568640 -0.008448556 0.999957942 -0.759725094 0.000000000 0.000000000 0.000000000 1.000000000
1645868545.815029860 0.999963930 -0.006890619 0.004965689 66.201187507 0.006811338 0.999851820 0.015809616 4.369933833 -0.005073891 -0.015775222 0.999862690 -0.735834385 0.000000000 0.000000000 0.000000000 1.000000000
1645868546.615344048 0.999936391 -0.010999720 -0.002493951 66.735351224 0.011008844 0.999932648 0.003674955 4.324214305 0.002453360 -0.003702176 0.999990137 -0.749306572 0.000000000 0.000000000 0.000000000 1.000000000
1645868547.314634085 0.999837267 -0.011958899 0.013506452 67.246656930 0.012027511 0.999915115 -0.005010248 4.257311611 -0.013445389 0.005171881 0.999896231 -0.757480852 0.000000000 0.000000000 0.000000000 1.000000000
1645868548.114808321 0.999891648 -0.014633238 -0.001599944 67.815775397 0.014608598 0.999788760 -0.014457687 4.190308805 0.001811169 0.014432748 0.999894202 -0.745421614 0.000000000 0.000000000 0.000000000 1.000000000
1645868548.815041780 0.999346491 -0.035952997 0.003738099 68.349532370 0.036025600 0.999117057 -0.021616237 4.184206404 -0.002957630 0.021736778 0.999759354 -0.732391876 0.000000000 0.000000000 0.000000000 1.000000000
1645868549.514862299 0.999852930 -0.015729695 0.006833404 68.908117868 0.015847457 0.999720649 -0.017535167 4.196137060 -0.006555672 0.017640880 0.999822896 -0.763155335 0.000000000 0.000000000 0.000000000 1.000000000
1645868550.215107441 0.999808263 -0.016297711 0.010854620 69.421598934 0.016533797 0.999620643 -0.022027333 4.180030701 -0.010491507 0.022202578 0.999698441 -0.768919979 0.000000000 0.000000000 0.000000000 1.000000000
1645868550.914964676 0.999215612 -0.035668711 0.017201860 69.943931332 0.035942560 0.999227645 -0.015882277 4.191415710 -0.016622074 0.016488098 0.999725887 -0.758269107 0.000000000 0.000000000 0.000000000 1.000000000
1645868551.615044117 0.999558748 -0.022392012 0.019516818 70.476037544 0.022554014 0.999712646 -0.008120402 4.192315630 -0.019329378 0.008557001 0.999776551 -0.797941484 0.000000000 0.000000000 0.000000000 1.000000000
1645868552.314787865 0.999891418 0.011219191 0.009554132 71.028563644 -0.011165465 0.999921655 -0.005658206 4.227962660 -0.009616864 0.005550915 0.999938350 -0.788814545 0.000000000 0.000000000 0.000000000 1.000000000
1645868553.114969730 0.999343601 0.035569250 0.006869865 71.581747361 -0.035494406 0.999312320 -0.010725368 4.191505712 -0.007246634 0.010474486 0.999918882 -0.802138915 0.000000000 0.000000000 0.000000000 1.000000000
1645868553.914786816 0.999788039 0.019990309 0.004926000 72.122981213 -0.019922831 0.999711901 -0.013386416 4.163948386 -0.005192179 0.013285439 0.999898264 -0.782257702 0.000000000 0.000000000 0.000000000 1.000000000
1645868554.614769459 0.999911297 -0.011388553 0.006906475 72.668090073 0.011427789 0.999918634 -0.005668386 4.142358959 -0.006841359 0.005746809 0.999960084 -0.811839737 0.000000000 0.000000000 0.000000000 1.000000000
1645868555.314962149 0.999489933 -0.030287154 0.010127312 73.191815141 0.030369547 0.999506053 -0.008083349 4.164707908 -0.009877488 0.008386787 0.999916045 -0.777119751 0.000000000 0.000000000 0.000000000 1.000000000
1645868556.015129328 0.999140683 -0.039993658 0.010881342 73.719540768 0.040123295 0.999123057 -0.011968229 4.171737595 -0.010393146 0.012394539 0.999869170 -0.833176564 0.000000000 0.000000000 0.000000000 1.000000000
1645868556.714867592 0.999622996 -0.026893303 0.005533271 74.226402296 0.027004586 0.999411971 -0.021129691 4.188038099 -0.004961770 0.021271148 0.999761431 -0.844599785 0.000000000 0.000000000 0.000000000 1.000000000
1645868557.414963722 0.999893737 -0.014433438 0.002046999 74.735778421 0.014487929 0.999453137 -0.029724175 4.185701290 -0.001616857 0.029750674 0.999556043 -0.788617743 0.000000000 0.000000000 0.000000000 1.000000000
1645868558.215150833 0.999813596 -0.015848258 -0.011027523 75.304887239 0.015506304 0.999416532 -0.030432717 4.184996930 0.011503394 0.030256048 0.999475984 -0.805535635 0.000000000 0.000000000 0.000000000 1.000000000
1645868559.015395880 0.999635860 -0.024163891 -0.012010610 75.809335222 0.024050356 0.999665522 -0.009509129 4.208642300 0.012236371 0.009216807 0.999882654 -0.826984300 0.000000000 0.000000000 0.000000000 1.000000000
1645868560.115026951 0.996967303 0.020312304 -0.075123949 76.321175550 -0.021063270 0.999735653 -0.009217524 4.188717674 0.074916861 0.010771926 0.997131601 -0.727925182 0.000000000 0.000000000 0.000000000 1.000000000
1645868561.314743519 0.997777029 0.061497860 -0.025671279 76.824178195 -0.062063151 0.997833318 -0.021836548 4.153427696 0.024272756 0.023381247 0.999431914 -0.753608872 0.000000000 0.000000000 0.000000000 1.000000000
1645868563.015036583 0.996241539 0.056681498 0.065498118 77.338102299 -0.054116343 0.997721187 -0.040297069 4.112874729 -0.067632959 0.036601096 0.997038687 -0.810155841 0.000000000 0.000000000 0.000000000 1.000000000
1645868564.614766359 0.996774416 -0.011872830 0.079371278 77.883980896 0.014348022 0.999426033 -0.030687752 4.136329621 -0.078961371 0.031727587 0.996372652 -0.843822505 0.000000000 0.000000000 0.000000000 1.000000000
1645868567.015208244 0.999254274 0.018847021 0.033699940 78.402254364 -0.018244217 0.999669600 -0.018106313 4.127443391 -0.034030056 0.017477982 0.999267970 -0.852159007 0.000000000 0.000000000 0.000000000 1.000000000
1645868568.614937544 0.999844701 0.013979231 -0.010731042 78.907259436 -0.014249794 0.999571594 -0.025565039 4.118231624 0.010369066 0.025713984 0.999615563 -0.856279493 0.000000000 0.000000000 0.000000000 1.000000000
1645868569.515072346 0.999986555 0.001378935 -0.004998860 79.419397021 -0.001495937 0.999723235 -0.023477988 4.098762946 0.004965102 0.023485151 0.999711856 -0.836194576 0.000000000 0.000000000 0.000000000 1.000000000
1645868570.314799786 0.999501197 -0.030438523 0.008417480 79.962079820 0.030596875 0.999344082 -0.019371045 4.097403281 -0.007822333 0.019618931 0.999776929 -0.852396066 0.000000000 0.000000000 0.000000000 1.000000000
1645868571.115162373 0.999256175 -0.037310512 0.009747976 80.512175737 0.037491237 0.999115054 -0.019066117 4.134357291 -0.009027983 0.019417398 0.999770704 -0.856658065 0.000000000 0.000000000 0.000000000 1.000000000
1645868571.815378666 0.999600896 -0.026277410 0.010370419 81.039018028 0.026433055 0.999535501 -0.015168271 4.170332849 -0.009967019 0.015436339 0.999831175 -0.879855878 0.000000000 0.000000000 0.000000000 1.000000000
1645868572.614720106 0.999718171 -0.018870712 0.014403991 81.579820395 0.018991361 0.999785314 -0.008285742 4.199676349 -0.014244540 0.008556959 0.999861926 -0.867884170 0.000000000 0.000000000 0.000000000 1.000000000
1645868573.414954662 0.999890509 -0.010091652 0.010822637 82.115860104 0.010191369 0.999905758 -0.009198467 4.198377033 -0.010728789 0.009307757 0.999899124 -0.881957681 0.000000000 0.000000000 0.000000000 1.000000000
1645868574.314802647 0.999986758 0.000092551 -0.005145485 82.659144271 -0.000173351 0.999876656 -0.015704876 4.202359490 0.005143397 0.015705560 0.999863431 -0.874771318 0.000000000 0.000000000 0.000000000 1.000000000
1645868575.214814663 0.999874488 -0.012964595 0.009106415 83.165640428 0.012993341 0.999910763 -0.003104635 4.204156809 -0.009065352 0.003222568 0.999953716 -0.886332338 0.000000000 0.000000000 0.000000000 1.000000000
1645868576.215407848 0.999154509 -0.041012359 -0.002872999 83.673597964 0.040968697 0.999063871 -0.013890527 4.204066155 0.003439993 0.013761080 0.999899395 -0.876373871 0.000000000 0.000000000 0.000000000 1.000000000
1645868577.214958429 0.998367539 -0.056249550 0.009911875 84.226803805 0.056353230 0.998355563 -0.010511061 4.198522666 -0.009304333 0.011052468 0.999895631 -0.872057427 0.000000000 0.000000000 0.000000000 1.000000000
1645868578.315024614 0.995540569 -0.094330157 0.000892496 84.725811910 0.094330737 0.995374453 -0.018204661 4.259670585 0.000828881 0.018207668 0.999833883 -0.881925611 0.000000000 0.000000000 0.000000000 1.000000000
1645868579.515077591 0.987187851 -0.159121038 0.011859250 85.257758558 0.159247753 0.987181366 -0.010635032 4.334375059 -0.010014974 0.012387333 0.999873119 -0.912297537 0.000000000 0.000000000 0.000000000 1.000000000
1645868580.814661264 0.972002737 -0.234523600 0.014469288 85.779359485 0.234465374 0.972108220 0.005621189 4.451409698 -0.015384016 -0.002071264 0.999879514 -0.900642551 0.000000000 0.000000000 0.000000000 1.000000000
1645868582.114971161 0.940399435 -0.340071877 0.000144361 86.259507479 0.340067866 0.940390245 0.004475997 4.637856592 -0.001657916 -0.004160133 0.999989972 -0.870120237 0.000000000 0.000000000 0.000000000 1.000000000
1645868583.315868616 0.920496536 -0.390607898 0.010563968 86.705735527 0.390705949 0.920463898 -0.009750564 4.869097864 -0.005915104 0.013102766 0.999896659 -0.898688427 0.000000000 0.000000000 0.000000000 1.000000000
1645868584.615869761 0.898558241 -0.438779473 0.008103181 87.156652807 0.438837098 0.898533294 -0.007740824 5.152404611 -0.003884463 0.010511557 0.999937207 -0.904262253 0.000000000 0.000000000 0.000000000 1.000000000
1645868585.816058397 0.871089151 -0.491083226 0.006399666 87.588021414 0.491062757 0.871112265 0.004559721 5.409155765 -0.007814030 -0.000829286 0.999969126 -0.898563997 0.000000000 0.000000000 0.000000000 1.000000000
1645868586.915271759 0.847565313 -0.530648202 0.006747340 87.996717846 0.530521035 0.847547071 0.014539406 5.710852972 -0.013433998 -0.008743491 0.999871531 -0.914629684 0.000000000 0.000000000 0.000000000 1.000000000
1645868588.015398979 0.771338271 -0.636279786 0.013612685 88.345895451 0.635953755 0.771413628 0.021996279 6.083645713 -0.024496798 -0.008309534 0.999665373 -0.956369837 0.000000000 0.000000000 0.000000000 1.000000000
1645868589.314779282 0.672627919 -0.739851701 0.013825466 88.672188783 0.739155272 0.672642512 0.034663175 6.498671344 -0.034945206 -0.013096254 0.999303418 -0.965435682 0.000000000 0.000000000 0.000000000 1.000000000
1645868590.814868689 0.541202279 -0.840747021 0.015637767 88.882751109 0.840064931 0.541401011 0.034290771 6.951572278 -0.037296167 -0.005421503 0.999289549 -1.002267033 0.000000000 0.000000000 0.000000000 1.000000000
1645868592.414963961 0.441305935 -0.897347486 0.004069547 88.908872746 0.896465358 0.441065130 0.042560688 7.461719071 -0.039986661 -0.015134076 0.999085595 -0.983902554 0.000000000 0.000000000 0.000000000 1.000000000
1645868594.215137243 0.274708494 -0.961337338 0.019124986 89.064312790 0.960522689 0.275276220 0.040238873 7.951812963 -0.043947785 0.007316023 0.999007041 -1.026306696 0.000000000 0.000000000 0.000000000 1.000000000
1645868595.514816999 0.192443140 -0.981072479 0.021504150 89.005633007 0.980933612 0.192928871 0.023402986 8.453323664 -0.027108797 0.016590399 0.999494808 -1.024822590 0.000000000 0.000000000 0.000000000 1.000000000
1645868596.515074730 0.159801670 -0.986902360 0.022071672 89.056563508 0.986895660 0.160227362 0.019082673 8.964438168 -0.022369220 0.018732994 0.999574256 -1.067647144 0.000000000 0.000000000 0.000000000 1.000000000
1645868597.715055227 0.151467026 -0.988315782 0.017019235 89.083731712 0.987971828 0.151911766 0.028887421 9.487470554 -0.031135316 0.012439033 0.999437773 -1.055520658 0.000000000 0.000000000 0.000000000 1.000000000
1645868599.115016699 0.038277706 -0.999087754 0.018933508 89.066580056 0.998525847 0.038972133 0.037779689 10.025072006 -0.038483103 0.017459477 0.999106710 -1.056030991 0.000000000 0.000000000 0.000000000 1.000000000
1645868600.314794779 0.064095694 -0.997603830 0.026044983 88.992688075 0.997426379 0.064880930 0.030513666 10.557806903 -0.032130373 0.024022159 0.999194963 -1.063311807 0.000000000 0.000000000 0.000000000 1.000000000
1645868601.314831257 0.046660871 -0.998713150 0.019869759 88.977234816 0.998696966 0.047053202 0.019757706 11.069985050 -0.020667216 0.018921956 0.999607336 -1.094783728 0.000000000 0.000000000 0.000000000 1.000000000
1645868602.315083742 0.072084943 -0.997141088 0.022658609 89.012777576 0.997304497 0.072371435 0.012087810 11.588515336 -0.013693088 0.021726183 0.999670182 -1.157835688 0.000000000 0.000000000 0.000000000 1.000000000
