1645868413.115920544 1.000000000 -0.000000000 0.000000000 0.000000000 0.000000000 1.000000000 -0.000000000 0.000000000 -0.000000000 0.000000000 1.000000000 -0.000000000 0.000000000 0.000000000 0.000000000 1.000000000
1645868421.215953827 0.998113693 -0.061258409 -0.004057490 0.499331534 0.061294356 0.998075250 0.009423254 -0.049307521 0.003472427 -0.009654181 0.999947368 0.005541770 0.000000000 0.000000000 0.000000000 1.000000000
1645868422.715677738 0.991875201 -0.127051216 -0.006447757 1.003906608 0.127090632 0.991872214 0.006122345 -0.009744951 0.005617499 -0.006892052 0.999960471 -0.007917554 0.000000000 0.000000000 0.000000000 1.000000000
1645868424.415634394 0.981715431 -0.190353929 -0.000440350 1.518192053 0.190353883 0.981715528 -0.000145303 0.097700275 0.000459957 0.000058824 0.999999892 -0.004514578 0.000000000 0.000000000 0.000000000 1.000000000
1645868426.115129471 0.974853267 -0.222579483 -0.010930711 2.016960144 0.222510196 0.974903725 -0.007206888 0.198934138 0.012260497 0.004593464 0.999914286 0.010775797 0.000000000 0.000000000 0.000000000 1.000000000
1645868427.815176725 0.965684458 -0.259495093 0.010762134 2.520408869 0.259435237 0.965737597 0.006652111 0.336807936 -0.012119588 -0.003631763 0.999919960 0.011425240 0.000000000 0.000000000 0.000000000 1.000000000
1645868429.714985132 0.958849768 -0.283886645 -0.003936372 3.016065359 0.283887986 0.958857425 -0.000225599 0.521233559 0.003838464 -0.000901173 0.999992227 0.004661278 0.000000000 0.000000000 0.000000000 1.000000000
1645868431.215128899 0.955552812 -0.294814339 0.001824593 3.518647909 0.294819879 0.955539415 -0.005065991 0.677315414 -0.000249944 0.005378748 0.999985503 0.013080751 0.000000000 0.000000000 0.000000000 1.000000000
1645868432.514899731 0.952674829 -0.303965171 0.003980652 3.996420860 0.303973687 0.952678856 -0.001730685 0.843092918 -0.003266215 0.002858794 0.999990580 0.013678692 0.000000000 0.000000000 0.000000000 1.000000000
1645868433.914882660 0.950203834 -0.311628570 0.000554431 4.468894005 0.311627779 0.950203522 0.001180444 1.028772593 -0.000894682 -0.000948886 0.999999150 0.012167067 0.000000000 0.000000000 0.000000000 1.000000000
1645868435.414958954 0.947342573 -0.320217590 0.001656592 4.963342667 0.320216863 0.947344013 0.000694079 1.196943164 -0.001791619 -0.000127062 0.999998387 0.029555947 0.000000000 0.000000000 0.000000000 1.000000000
1645868436.815085173 0.940147288 -0.340746358 0.003872553 5.449557781 0.340722091 0.940146197 0.005795316 1.405057192 -0.005615499 -0.004128986 0.999975709 0.017743444 0.000000000 0.000000000 0.000000000 1.000000000
1645868438.215046644 0.939795378 -0.341737641 0.000179602 5.920327663 0.341736514 0.939793397 0.002127264 1.589361191 -0.000895755 -0.001937817 0.999997721 0.032226872 0.000000000 0.000000000 0.000000000 1.000000000
1645868439.714809895 0.938033440 -0.346505963 0.005184823 6.421405315 0.346542910 0.937972236 -0.010774749 1.782759666 -0.001129705 0.011903838 0.999928509 0.019864954 0.000000000 0.000000000 0.000000000 1.000000000
1645868441.214887142 0.930506415 -0.366234226 0.005504785 6.908517361 0.366261421 0.930233104 -0.022780349 1.981907845 0.003222210 0.023213451 0.999725339 -0.018691070 0.000000000 0.000000000 0.000000000 1.000000000
1645868442.514823914 0.926251173 -0.376771741 0.010090588 7.373428345 0.376904946 0.925829682 -0.027965375 2.165006161 0.001194397 0.029706154 0.999557961 0.018349223 0.000000000 0.000000000 0.000000000 1.000000000
1645868443.915058374 0.926414037 -0.376390552 0.009337253 7.863976002 0.376506351 0.926129220 -0.022970321 2.364516973 -0.000001691 0.024795563 0.999692543 0.027738644 0.000000000 0.000000000 0.000000000 1.000000000
1645868445.115030766 0.930226739 -0.366589276 0.017044544 8.339652061 0.366861651 0.930115373 -0.017260434 2.531871080 -0.009525902 0.022309107 0.999705737 0.016909609 0.000000000 0.000000000 0.000000000 1.000000000
1645868446.415189266 0.934314755 -0.356298999 0.010342259 8.831970215 0.356359981 0.934336638 -0.004755176 2.741741896 -0.007968887 0.008128398 0.999935211 0.007037790 0.000000000 0.000000000 0.000000000 1.000000000
1645868447.614887476 0.937301530 -0.348516559 -0.001431894 9.346842766 0.348504006 0.937290689 -0.005578741 2.914108038 0.003286385 0.004729942 0.999983414 0.002440740 0.000000000 0.000000000 0.000000000 1.000000000
1645868448.715087652 0.941344190 -0.337437905 -0.002603126 9.829952240 0.337406583 0.941321577 -0.008395685 3.107499123 0.005283401 0.007024917 0.999961367 0.011310314 0.000000000 0.000000000 0.000000000 1.000000000
1645868449.915076733 0.941271110 -0.337651330 -0.000526036 10.335814476 0.337648666 0.941268047 -0.002800414 3.268823147 0.001440705 0.002458333 0.999995940 0.088724732 0.000000000 0.000000000 0.000000000 1.000000000
1645868451.014903069 0.928386340 -0.371592581 -0.004213926 10.801585197 0.371575067 0.928392485 -0.004400295 3.451646805 0.005547294 0.002519384 0.999981440 0.019865982 0.000000000 0.000000000 0.000000000 1.000000000
1645868452.215136528 0.911182317 -0.411973391 0.004970946 11.274454117 0.411988979 0.911185025 -0.002632744 3.660184383 -0.003444831 0.004446885 0.999984179 0.013721438 0.000000000 0.000000000 0.000000000 1.000000000
1645868453.615312338 0.892212240 -0.451540107 0.008297654 11.744242668 0.451522664 0.892250801 0.003973979 3.863938093 -0.009197999 0.000200946 0.999957677 0.006534579 0.000000000 0.000000000 0.000000000 1.000000000
1645868455.115183830 0.876756494 -0.480877047 0.007437500 12.205508232 0.480896671 0.876776698 -0.001006931 4.109138012 -0.006036817 0.004459502 0.999971834 0.010196874 0.000000000 0.000000000 0.000000000 1.000000000
1645868456.515069008 0.854842959 -0.518852822 0.005938328 12.641342163 0.518844398 0.854863429 0.003001287 4.395176411 -0.006633685 0.000515439 0.999977864 -0.022976125 0.000000000 0.000000000 0.000000000 1.000000000
1645868457.715399265 0.839444265 -0.543409237 0.006302985 13.066485405 0.543389881 0.839467811 0.004607890 4.667013645 -0.007795123 -0.000443089 0.999969519 0.020364720 0.000000000 0.000000000 0.000000000 1.000000000
1645868459.015464783 0.829095939 -0.558940421 0.013620930 13.514087677 0.558895235 0.829206319 0.007279955 4.953723907 -0.015363622 0.001576891 0.999880729 0.020864176 0.000000000 0.000000000 0.000000000 1.000000000
1645868460.415241718 0.880217317 -0.474350411 0.014462473 13.972216606 0.473937417 0.880208197 0.024836572 5.241263866 -0.024511225 -0.015007274 0.999586905 -0.003352561 0.000000000 0.000000000 0.000000000 1.000000000
1645868461.915359020 0.917239197 -0.398076140 0.014409794 14.410754204 0.397715485 0.917228734 0.022668077 5.500297070 -0.022240697 -0.015061051 0.999639193 -0.004524057 0.000000000 0.000000000 0.000000000 1.000000000
1645868463.515312433 0.933287999 -0.358958798 0.011049570 14.885447502 0.358782270 0.933297305 0.015212589 5.748264313 -0.015773227 -0.010233337 0.999823226 -0.031728327 0.000000000 0.000000000 0.000000000 1.000000000
1645868464.715343475 0.946682648 -0.321993659 0.010585218 15.371201515 0.321690299 0.946557574 0.023326163 5.951775074 -0.017530394 -0.018677312 0.999671868 -0.038231980 0.000000000 0.000000000 0.000000000 1.000000000
1645868465.914922953 0.961448309 -0.274474749 0.016755904 15.835713387 0.273584472 0.960915170 0.042350599 6.140090942 -0.027725172 -0.036133757 0.998962295 -0.039242260 0.000000000 0.000000000 0.000000000 1.000000000
1645868466.915076017 0.979884464 -0.199431990 0.007302017 16.309942245 0.198887890 0.978915744 0.046557207 6.309948921 -0.016433056 -0.044168401 0.998888936 -0.070415743 0.000000000 0.000000000 0.000000000 1.000000000
1645868468.115284204 0.970212512 -0.242241977 -0.002550768 16.791198730 0.242138690 0.969364511 0.041246805 6.495348454 -0.007519084 -0.040635806 0.999145732 -0.069907546 0.000000000 0.000000000 0.000000000 1.000000000
1645868469.514928341 0.969027038 -0.246556064 0.014025248 17.253448486 0.246150496 0.968892153 0.025650132 6.692209244 -0.019913149 -0.021403350 0.999572590 -0.064398646 0.000000000 0.000000000 0.000000000 1.000000000
1645868470.915354729 0.973475330 -0.228770597 -0.003129849 17.724130630 0.228788202 0.973446939 0.007550875 6.902657032 0.001319324 -0.008066663 0.999966594 -0.095757574 0.000000000 0.000000000 0.000000000 1.000000000
1645868472.115193129 0.985494228 -0.169314278 0.011567285 18.208694458 0.169298457 0.985562050 0.002340611 7.059540749 -0.011796576 -0.000348335 0.999930357 -0.072081506 0.000000000 0.000000000 0.000000000 1.000000000
1645868473.114791870 0.997436238 -0.068329847 0.021259901 18.690097809 0.068121280 0.997622992 0.010385386 7.317501068 -0.021918998 -0.008910509 0.999720041 -0.095041692 0.000000000 0.000000000 0.000000000 1.000000000
1645868474.314924240 0.999990499 0.001345246 0.004146376 19.223644257 -0.001564685 0.998572914 0.053382452 7.431403160 -0.004068646 -0.053388433 0.998565532 -0.108171478 0.000000000 0.000000000 0.000000000 1.000000000
1645868475.415023088 0.999692507 0.023976180 0.006327191 19.747373581 -0.024374839 0.997027755 0.073085718 7.484210014 -0.004556069 -0.073217469 0.997305592 -0.111737318 0.000000000 0.000000000 0.000000000 1.000000000
1645868476.614975214 0.999862614 0.016569523 0.000452059 20.288513184 -0.016561295 0.997486505 0.068894092 7.549266815 0.000690620 -0.068892113 0.997623877 -0.098599836 0.000000000 0.000000000 0.000000000 1.000000000
1645868477.915164948 0.999611858 0.019712939 -0.019685861 20.817140579 -0.018343744 0.997553092 0.067463588 7.583829403 0.020967597 -0.067076290 0.997527509 -0.103287101 0.000000000 0.000000000 0.000000000 1.000000000
1645868479.114823580 0.996694379 0.080706655 0.009313975 21.366941452 -0.081008493 0.995964873 0.038621195 7.560794830 -0.006159404 -0.039248039 0.999210515 -0.089567706 0.000000000 0.000000000 0.000000000 1.000000000
1645868480.015041351 0.999201279 0.029280297 0.027193166 21.883016586 -0.030504951 0.998486158 0.045769415 7.589475155 -0.025811858 -0.046562384 0.998581841 -0.111151569 0.000000000 0.000000000 0.000000000 1.000000000
1645868480.914890528 0.998723762 0.025544926 0.043569538 22.412754059 -0.027775551 0.998292627 0.051384333 7.593940735 -0.042182540 -0.052528922 0.997728092 -0.119658872 0.000000000 0.000000000 0.000000000 1.000000000
1645868481.815113544 0.995181362 0.091285021 0.035792479 22.950708389 -0.093262976 0.993941503 0.058157594 7.587206364 -0.030266713 -0.061215467 0.997665572 -0.154584408 0.000000000 0.000000000 0.000000000 1.000000000
1645868482.614980698 0.993508179 0.106860555 0.039016913 23.517589569 -0.108582358 0.993065948 0.045054358 7.551084518 -0.033931834 -0.048998422 0.998222313 -0.169848934 0.000000000 0.000000000 0.000000000 1.000000000
1645868483.315172434 0.996707943 0.077678872 0.023222152 24.049392700 -0.078548095 0.996138892 0.039211036 7.573960781 -0.020086619 -0.040906007 0.998961073 -0.191017374 0.000000000 0.000000000 0.000000000 1.000000000
1645868484.015182018 0.998201700 0.058876807 0.011264416 24.560441971 -0.059268435 0.997505396 0.038343690 7.591406345 -0.008978761 -0.038942361 0.999201118 -0.184624344 0.000000000 0.000000000 0.000000000 1.000000000
1645868484.715154648 0.998427510 0.053207060 0.017649811 25.060729980 -0.053978659 0.997455071 0.046579891 7.613166332 -0.015126515 -0.047459357 0.998758628 -0.195803687 0.000000000 0.000000000 0.000000000 1.000000000
1645868485.515160084 0.997817680 0.065320298 0.009650702 25.595659256 -0.065810396 0.995722185 0.064856157 7.648880005 -0.005372994 -0.065349736 0.997847956 -0.190630525 0.000000000 0.000000000 0.000000000 1.000000000
1645868486.315001726 0.996476643 0.079861584 0.025620855 26.115648270 -0.081065164 0.995453943 0.049998866 7.656444073 -0.021511393 -0.051899661 0.998420595 -0.202847704 0.000000000 0.000000000 0.000000000 1.000000000
1645868487.215125322 0.999142709 0.039408547 0.012681242 26.642854691 -0.040024958 0.997807049 0.052717120 7.690191746 -0.010575927 -0.053179493 0.998528964 -0.220494509 0.000000000 0.000000000 0.000000000 1.000000000
1645868488.014889717 0.999500990 0.026969756 0.016443940 27.157114029 -0.027999970 0.997425139 0.066023429 7.700314999 -0.014620963 -0.066450912 0.997682567 -0.206294581 0.000000000 0.000000000 0.000000000 1.000000000
1645868488.815159082 0.999373542 0.032437066 0.014154862 27.686382294 -0.033189079 0.997845356 0.056596202 7.731150627 -0.012288549 -0.057030533 0.998296804 -0.212941960 0.000000000 0.000000000 0.000000000 1.000000000
1645868489.615163326 0.998586816 0.051810278 0.011834986 28.204309464 -0.052291153 0.997627693 0.044773006 7.731317520 -0.009487208 -0.045328599 0.998927080 -0.244175166 0.000000000 0.000000000 0.000000000 1.000000000
1645868490.614973068 0.999146447 0.039548651 0.011928160 28.720140457 -0.040102250 0.997922114 0.050430785 7.748868942 -0.009908905 -0.050866085 0.998656325 -0.225879490 0.000000000 0.000000000 0.000000000 1.000000000
1645868491.514951229 0.998229964 0.056846412 0.017476405 29.223148346 -0.057667841 0.997043648 0.050777782 7.687715530 -0.014538204 -0.051695730 0.998557055 -0.242909163 0.000000000 0.000000000 0.000000000 1.000000000
1645868492.415035248 0.996797044 0.078882737 0.013159310 29.784563065 -0.079405456 0.995800234 0.045570469 7.646621227 -0.009509320 -0.046469430 0.998874449 -0.284100145 0.000000000 0.000000000 0.000000000 1.000000000
1645868493.314947605 0.997012611 0.076194660 0.012658059 30.288368225 -0.076610046 0.996395228 0.036434197 7.596146107 -0.009836338 -0.037295088 0.999255885 -0.271929771 0.000000000 0.000000000 0.000000000 1.000000000
1645868494.214970350 0.998516534 0.050764204 0.019690788 30.799617767 -0.051492300 0.997933952 0.038423572 7.573504925 -0.017699563 -0.039380495 0.999067516 -0.296734452 0.000000000 0.000000000 0.000000000 1.000000000
1645868495.115189075 0.998856435 0.045265185 0.015391095 31.303487778 -0.045747459 0.998421698 0.032577350 7.550230503 -0.013892183 -0.033244199 0.999350704 -0.254486740 0.000000000 0.000000000 0.000000000 1.000000000
1645868496.014970779 0.998896199 0.045419060 0.011978860 31.808267593 -0.045683237 0.998696018 0.022788291 7.507404804 -0.010928217 -0.023310370 0.999668545 -0.275510341 0.000000000 0.000000000 0.000000000 1.000000000
1645868497.014972687 0.999646735 0.025884154 0.006034481 32.313232422 -0.026020410 0.999380068 0.023715344 7.464857101 -0.005416889 -0.023863985 0.999700539 -0.298389047 0.000000000 0.000000000 0.000000000 1.000000000
1645868497.914982319 0.999869567 0.001401458 0.016089922 32.812976837 -0.001630859 0.999897088 0.014253183 7.410453796 -0.016068290 -0.014277565 0.999768954 -0.259056538 0.000000000 0.000000000 0.000000000 1.000000000
1645868498.614809752 0.999089788 -0.034301134 0.025357979 33.318038940 0.033854513 0.999267586 0.017837124 7.392879009 -0.025951240 -0.016962407 0.999519289 -0.332259566 0.000000000 0.000000000 0.000000000 1.000000000
1645868499.414978743 0.998966484 -0.040008419 0.021570609 33.880981445 0.039366733 0.998792383 0.029394488 7.492405415 -0.022720587 -0.028514944 0.999335115 -0.328377813 0.000000000 0.000000000 0.000000000 1.000000000
1645868500.214955568 0.999946129 -0.004890322 0.009155484 34.402317047 0.004630736 0.999592627 0.028162690 7.475981236 -0.009289478 -0.028118777 0.999561424 -0.334544033 0.000000000 0.000000000 0.000000000 1.000000000
1645868501.114994526 0.999642351 0.018607207 0.019207841 34.929367065 -0.019115300 0.999462934 0.026616713 7.485816002 -0.018702262 -0.026974358 0.999461160 -0.293129951 0.000000000 0.000000000 0.000000000 1.000000000
1645868502.115072250 0.999842811 0.005334809 0.016908371 35.445102692 -0.006057380 0.999057763 0.042975498 7.538034439 -0.016663173 -0.043071163 0.998933038 -0.344530135 0.000000000 0.000000000 0.000000000 1.000000000
1645868503.014747620 0.999749091 -0.002516018 0.022258135 35.949771881 0.001393245 0.998732391 0.050315707 7.526744843 -0.022356516 -0.050272071 0.998485305 -0.283967435 0.000000000 0.000000000 0.000000000 1.000000000
1645868503.814982891 0.999558168 0.026987656 0.012455310 36.475463867 -0.027546812 0.998507976 0.047148648 7.538865566 -0.011164295 -0.047470920 0.998810227 -0.364375710 0.000000000 0.000000000 0.000000000 1.000000000
1645868504.715232372 0.998472820 0.051247315 0.020633494 37.019012451 -0.051995573 0.997941962 0.037527346 7.513141155 -0.018667854 -0.038542885 0.999082558 -0.356862962 0.000000000 0.000000000 0.000000000 1.000000000
1645868505.714806318 0.998935090 0.038204271 0.025867329 37.575008392 -0.038929984 0.998845120 0.028158188 7.544722080 -0.024761692 -0.029135217 0.999268731 -0.357084543 0.000000000 0.000000000 0.000000000 1.000000000
1645868506.715101004 0.999567942 0.025521655 0.014579929 38.129695892 -0.026090368 0.998849028 0.040248129 7.578329086 -0.013535950 -0.040611135 0.999083337 -0.380132407 0.000000000 0.000000000 0.000000000 1.000000000
1645868507.614965916 0.997191840 0.072057578 0.020399488 38.696132660 -0.072943762 0.996243542 0.046669181 7.581848145 -0.016959990 -0.048026142 0.998702082 -0.418697298 0.000000000 0.000000000 0.000000000 1.000000000
1645868508.415245295 0.998549493 0.050571806 0.018477070 39.226123810 -0.051270805 0.997901363 0.039549646 7.583018780 -0.016438196 -0.040439613 0.999046757 -0.402692437 0.000000000 0.000000000 0.000000000 1.000000000
1645868509.215144396 0.998329642 0.050504202 0.028057994 39.780151367 -0.051522275 0.997992454 0.036830913 7.540370941 -0.026141550 -0.038215004 0.998927541 -0.409383386 0.000000000 0.000000000 0.000000000 1.000000000
1645868510.015010118 0.999163970 0.037739671 0.015718719 40.355693817 -0.038207875 0.998800104 0.030635106 7.510896206 -0.014543699 -0.031210073 0.999407030 -0.442795426 0.000000000 0.000000000 0.000000000 1.000000000
1645868510.715124130 0.998600517 0.038249233 0.036524013 40.890876770 -0.039700706 0.998415531 0.039878336 7.474568367 -0.034940826 -0.041272556 0.998536787 -0.429503500 0.000000000 0.000000000 0.000000000 1.000000000
1645868511.414891481 0.998536705 0.052093173 0.014517206 41.437023163 -0.052482180 0.998233584 0.027844782 7.466516018 -0.013041040 -0.028565931 0.999506838 -0.460602522 0.000000000 0.000000000 0.000000000 1.000000000
1645868512.115036726 0.996065044 0.088336666 0.007145742 41.958164215 -0.088500189 0.995702712 0.027273186 7.439199924 -0.004705813 -0.027798267 0.999602477 -0.451535732 0.000000000 0.000000000 0.000000000 1.000000000
1645868512.915102482 0.994870186 0.101117361 -0.002931384 42.512775421 -0.101031029 0.994647997 0.021635465 7.397649765 0.005103416 -0.021228318 0.999761628 -0.377699673 0.000000000 0.000000000 0.000000000 1.000000000
1645868513.614976645 0.997509142 0.070529281 -0.001064340 43.027702332 -0.070487880 0.997261416 0.022385857 7.372194767 0.002640283 -0.022255074 0.999748839 -0.448659450 0.000000000 0.000000000 0.000000000 1.000000000
1645868514.315209627 0.996564102 0.073280718 0.038599574 43.595249176 -0.074540987 0.996695070 0.032288994 7.385781765 -0.036105845 -0.035055303 0.998732944 -0.474037975 0.000000000 0.000000000 0.000000000 1.000000000
1645868515.015190840 0.993890074 0.108713527 0.019075884 44.132293701 -0.109397221 0.993213964 0.039474928 7.376477242 -0.014654976 -0.041320588 0.999038458 -0.469811440 0.000000000 0.000000000 0.000000000 1.000000000
1645868515.715028048 0.989319923 0.142860741 0.028929190 44.698013306 -0.144203944 0.988211781 0.051407175 7.340645313 -0.021244099 -0.055029845 0.998258686 -0.469424665 0.000000000 0.000000000 0.000000000 1.000000000
1645868516.415099621 0.983288744 0.180633578 0.022688240 45.251239777 -0.181517436 0.982304685 0.046140294 7.275095463 -0.013952278 -0.049487543 0.998677284 -0.494426608 0.000000000 0.000000000 0.000000000 1.000000000
1645868517.114898682 0.973670359 0.224092073 0.041818357 45.838794708 -0.225688527 0.973442799 0.038390189 7.206030846 -0.032104842 -0.046817312 0.998387409 -0.496099949 0.000000000 0.000000000 0.000000000 1.000000000
1645868517.715259075 0.965456803 0.258009734 0.036388731 46.350357056 -0.259236863 0.965202297 0.034362418 7.103321552 -0.026256648 -0.042608731 0.998746757 -0.541055977 0.000000000 0.000000000 0.000000000 1.000000000
1645868518.415062904 0.960550459 0.277236401 0.021972552 46.897068024 -0.277847806 0.960061745 0.032894421 7.009700298 -0.011975475 -0.037701777 0.999217276 -0.461957425 0.000000000 0.000000000 0.000000000 1.000000000
1645868519.115094662 0.960336512 0.278473131 0.014370096 47.455348969 -0.278809331 0.959750944 0.033815427 6.900878906 -0.004375025 -0.036480706 0.999324781 -0.525933504 0.000000000 0.000000000 0.000000000 1.000000000
1645868519.814969063 0.959107298 0.282368690 0.019522157 47.967899323 -0.282890148 0.958571902 0.033362750 6.765718460 -0.009292795 -0.037521083 0.999252627 -0.542681277 0.000000000 0.000000000 0.000000000 1.000000000
1645868520.614980221 0.959973455 0.278619786 0.028670216 48.538574219 -0.279503048 0.959555415 0.033637073 6.705326080 -0.018138707 -0.040304110 0.999022806 -0.528894603 0.000000000 0.000000000 0.000000000 1.000000000
1645868521.314752340 0.964111619 0.262959679 0.036619561 49.039371490 -0.264386887 0.963504591 0.041934200 6.635318756 -0.024256111 -0.050110981 0.998449063 -0.565978348 0.000000000 0.000000000 0.000000000 1.000000000
1645868522.115204334 0.966089890 0.254204992 0.045278552 49.582279205 -0.255637181 0.966331707 0.029200408 6.549496174 -0.036331211 -0.039785101 0.998547540 -0.597733796 0.000000000 0.000000000 0.000000000 1.000000000
1645868522.914925337 0.968285790 0.249781184 -0.005655867 50.088851929 -0.249492110 0.967872658 0.031244285 6.398324013 0.013278393 -0.028842303 0.999495776 -0.557473719 0.000000000 0.000000000 0.000000000 1.000000000
1645868523.715067148 0.987484866 0.156354762 0.020659791 50.604976654 -0.156920760 0.987173125 0.029412533 6.335527420 -0.015796001 -0.032286382 0.999353829 -0.639681578 0.000000000 0.000000000 0.000000000 1.000000000
1645868524.615209579 0.990407275 0.134897605 0.029934350 51.146530151 -0.135863512 0.990178129 0.032990588 6.225161076 -0.025189987 -0.036741104 0.999007285 -0.593375146 0.000000000 0.000000000 0.000000000 1.000000000
1645868525.315145016 0.990384874 0.133936763 0.034622900 51.651386261 -0.134733196 0.990642392 0.021785724 6.125789642 -0.031381003 -0.026241106 0.999162968 -0.590479970 0.000000000 0.000000000 0.000000000 1.000000000
1645868526.015047550 0.988457577 0.150090400 0.020603173 52.223331451 -0.150561440 0.988318672 0.023610495 5.971558571 -0.016818792 -0.026440017 0.999508906 -0.623598576 0.000000000 0.000000000 0.000000000 1.000000000
1645868526.714725256 0.984903996 0.172133103 0.018284235 52.751792908 -0.172364841 0.984960701 0.011949035 5.801330090 -0.015952428 -0.014920212 0.999761425 -0.604532838 0.000000000 0.000000000 0.000000000 1.000000000
1645868527.415019274 0.980591293 0.195510245 0.014712568 53.293994904 -0.195598947 0.980672033 0.004839017 5.661688805 -0.013482127 -0.007622861 0.999880055 -0.603363574 0.000000000 0.000000000 0.000000000 1.000000000
1645868528.114892721 0.987386542 0.158060773 0.009198318 53.812072754 -0.158027820 0.987425685 -0.004209977 5.579600811 -0.009748087 0.002703285 0.999948832 -0.609341919 0.000000000 0.000000000 0.000000000 1.000000000
1645868528.915204048 0.992758239 0.118067739 0.022160492 54.363925934 -0.118153803 0.992991874 0.002610781 5.481097698 -0.021696940 -0.005210221 0.999751017 -0.571443737 0.000000000 0.000000000 0.000000000 1.000000000
1645868529.715161085 0.994572605 0.103069360 0.014214088 54.879600525 -0.103050698 0.994674011 -0.002041067 5.426065922 -0.014348755 0.000565218 0.999896892 -0.637543321 0.000000000 0.000000000 0.000000000 1.000000000
1645868530.615020514 0.996314939 0.083207260 0.020810899 55.406185150 -0.083085615 0.996520260 -0.006644675 5.357549667 -0.021291368 0.004891102 0.999761349 -0.632889509 0.000000000 0.000000000 0.000000000 1.000000000
1645868531.715395212 0.996564632 0.082474652 0.007541002 55.939777374 -0.082344364 0.996472154 -0.016206554 5.279809952 -0.008851029 0.015529920 0.999840228 -0.643816769 0.000000000 0.000000000 0.000000000 1.000000000
1645868532.514912605 0.994947319 0.099628114 0.012412558 56.472816467 -0.099368688 0.994849480 -0.020009408 5.196298122 -0.014342126 0.018674887 0.999722738 -0.661833823 0.000000000 0.000000000 0.000000000 1.000000000
1645868533.215300560 0.994076087 0.106546269 0.021462175 57.023525238 -0.106225542 0.994220144 -0.015570490 5.115446091 -0.022997105 0.013198421 0.999648406 -0.687631011 0.000000000 0.000000000 0.000000000 1.000000000
1645868533.914785862 0.995381679 0.094705620 0.015689473 57.579143524 -0.094417255 0.995366302 -0.018201831 5.018218040 -0.017340588 0.016636412 0.999711225 -0.702044249 0.000000000 0.000000000 0.000000000 1.000000000
1645868534.615051985 0.997184195 0.073065866 0.016883749 58.120502472 -0.072726609 0.997153296 -0.019903367 4.943568230 -0.018289943 0.018619425 0.999659339 -0.696287930 0.000000000 0.000000000 0.000000000 1.000000000
1645868535.315009356 0.998305084 0.056452642 0.014144215 58.685173035 -0.055976824 0.997917910 -0.032038101 4.873507977 -0.015923401 0.031192051 0.999386562 -0.707869887 0.000000000 0.000000000 0.000000000 1.000000000
1645868536.014791250 0.998712120 0.045277398 0.022892333 59.264823914 -0.044488698 0.998435844 -0.033861800 4.802467346 -0.024389700 0.032799740 0.999164311 -0.709051311 0.000000000 0.000000000 0.000000000 1.000000000
1645868536.714777231 0.998574766 0.050176514 0.018186672 59.824005127 -0.049688964 0.998417463 -0.026335849 4.750766277 -0.019479332 0.025394637 0.999487703 -0.730999708 0.000000000 0.000000000 0.000000000 1.000000000
1645868537.415119648 0.998715702 0.049451260 0.011023566 60.336528778 -0.049143539 0.998436723 -0.026627475 4.678189278 -0.012323096 0.026051540 0.999584643 -0.729082346 0.000000000 0.000000000 0.000000000 1.000000000
1645868538.215050697 0.999567165 0.027664151 0.010008861 60.854381561 -0.027549577 0.999555322 -0.011409635 4.624033928 -0.010320048 0.011128956 0.999884815 -0.745341718 0.000000000 0.000000000 0.000000000 1.000000000
1645868539.014745474 0.999707906 -0.020947798 0.012053749 61.370552063 0.021029041 0.999756727 -0.006653269 4.605163097 -0.011911446 0.006904805 0.999905216 -0.761474133 0.000000000 0.000000000 0.000000000 1.000000000
1645868539.914732933 0.996624822 -0.081148842 0.012402814 61.902061462 0.081287393 0.996628814 -0.011107051 4.570277214 -0.011459677 0.012077755 0.999861392 -0.752585053 0.000000000 0.000000000 0.000000000 1.000000000
1645868540.715011835 0.997357560 -0.072285465 0.007260087 62.413982391 0.072300933 0.997381071 -0.001890842 4.584882736 -0.007104392 0.002410757 0.999971858 -0.752023160 0.000000000 0.000000000 0.000000000 1.000000000
1645868541.515226603 0.999939788 -0.004348835 0.010075146 62.938781738 0.004255509 0.999948015 0.009265953 4.561003208 -0.010114918 -0.009222520 0.999906312 -0.757494092 0.000000000 0.000000000 0.000000000 1.000000000
1645868542.214735985 0.999998956 0.001353713 0.000505892 63.460021973 -0.001355338 0.999993879 0.003225754 4.530807495 -0.000501522 -0.003226437 0.999994669 -0.743345022 0.000000000 0.000000000 0.000000000 1.000000000
1645868542.915001631 0.999635820 -0.002336076 0.026884371 64.036491394 0.001469822 0.999480485 0.032196258 4.567855835 -0.026945617 -0.032145017 0.999119929 -0.759383380 0.000000000 0.000000000 0.000000000 1.000000000
1645868543.714766741 0.999872649 0.001949168 0.015839380 64.604690552 -0.002285210 0.999772106 0.021225291 4.547267437 -0.015794399 -0.021258784 0.999649239 -0.784380555 0.000000000 0.000000000 0.000000000 1.000000000
1645868544.414956808 0.999796159 0.008181869 0.018458006 65.138038635 -0.008523435 0.999792475 0.018502894 4.528120518 -0.018302788 -0.018656448 0.999658414 -0.790171027 0.000000000 0.000000000 0.000000000 1.000000000
1645868545.114981651 0.999458961 0.032337393 0.006006479 65.655670166 -0.032387952 0.999439058 0.008519967 4.424911022 -0.005727596 -0.008709895 0.999945665 -0.796449780 0.000000000 0.000000000 0.000000000 1.000000000
1645868545.815029860 0.999954898 -0.006232514 0.007166363 66.188438416 0.006115967 0.999850526 0.016171583 4.358398438 -0.007266081 -0.016127024 0.999843549 -0.773245752 0.000000000 0.000000000 0.000000000 1.000000000
1645868546.615344048 0.999946428 -0.010350754 -0.000050817 66.721374512 0.010350872 0.999939310 0.003773099 4.310116291 0.000011760 -0.003773423 0.999992881 -0.785313189 0.000000000 0.000000000 0.000000000 1.000000000
1645868547.314634085 0.999810618 -0.011076665 0.016001140 67.230216980 0.011164329 0.999923098 -0.005399685 4.245830536 -0.015940099 0.005577305 0.999857393 -0.793746173 0.000000000 0.000000000 0.000000000 1.000000000
1645868548.114808321 0.999903153 -0.013896930 0.000747957 67.798461914 0.013905984 0.999806769 -0.013894157 4.173720360 -0.000554727 0.013903212 0.999903192 -0.784373283 0.000000000 0.000000000 0.000000000 1.000000000
1645868548.815041780 0.999367055 -0.035047777 0.006094547 68.333961487 0.035171703 0.999148286 -0.021579011 4.169521332 -0.005333059 0.021779709 0.999748570 -0.772318006 0.000000000 0.000000000 0.000000000 1.000000000
1645868549.514862299 0.999846095 -0.014914400 0.009238386 68.893104553 0.015072827 0.999736320 -0.017323391 4.181902885 -0.008977582 0.017459973 0.999807258 -0.805969119 0.000000000 0.000000000 0.000000000 1.000000000
1645868550.215107441 0.999790716 -0.015513533 0.013336211 69.405662537 0.015802552 0.999636434 -0.021846720 4.166263580 -0.012992442 0.022052894 0.999672379 -0.812262535 0.000000000 0.000000000 0.000000000 1.000000000
1645868550.914964676 0.999206579 -0.034633967 0.019664692 69.925437927 0.034939786 0.999270343 -0.015427035 4.180981159 -0.019116044 0.016101875 0.999687604 -0.803183556 0.000000000 0.000000000 0.000000000 1.000000000
1645868551.615044117 0.999518202 -0.021524967 0.022361580 70.456176758 0.021706516 0.999733110 -0.007908016 4.180940628 -0.022185392 0.008389598 0.999718672 -0.841167927 0.000000000 0.000000000 0.000000000 1.000000000
1645868552.314787865 0.999850623 0.012139797 0.012302697 71.010566711 -0.012069785 0.999910630 -0.005749134 4.213058949 -0.012371391 0.005599784 0.999907791 -0.835003495 0.000000000 0.000000000 0.000000000 1.000000000
1645868553.114969730 0.999288568 0.036482600 0.009559126 71.563812256 -0.036380211 0.999281008 -0.010674600 4.176910877 -0.009941690 0.010319243 0.999897333 -0.851001024 0.000000000 0.000000000 0.000000000 1.000000000
1645868553.914786816 0.999750453 0.020983333 0.007663687 72.105049133 -0.020881519 0.999695709 -0.013132056 4.148365974 -0.007936909 0.012968750 0.999884402 -0.831450641 0.000000000 0.000000000 0.000000000 1.000000000
1645868554.614769459 0.999898341 -0.010401192 0.009753140 72.647972107 0.010456024 0.999929721 -0.005587948 4.126618862 -0.009694333 0.005689359 0.999936824 -0.862465918 0.000000000 0.000000000 0.000000000 1.000000000
1645868555.314962149 0.999487277 -0.029346612 0.012804699 73.175254822 0.029448425 0.999535583 -0.007836374 4.144880772 -0.012568782 0.008209434 0.999887309 -0.831244528 0.000000000 0.000000000 0.000000000 1.000000000
1645868556.015129328 0.999148645 -0.038973518 0.013529580 73.698417664 0.039128849 0.999169000 -0.011412419 4.156374454 -0.013073554 0.011932100 0.999843341 -0.888050079 0.000000000 0.000000000 0.000000000 1.000000000
1645868556.714867592 0.999630811 -0.025918009 0.008154623 74.211051941 0.026084202 0.999439558 -0.020980578 4.168142796 -0.007606278 0.021185539 0.999746627 -0.902812004 0.000000000 0.000000000 0.000000000 1.000000000
1645868557.414963722 0.999899779 -0.013352554 0.004705510 74.717384338 0.013484505 0.999481901 -0.029224952 4.165978909 -0.004312845 0.029285475 0.999561784 -0.848461032 0.000000000 0.000000000 0.000000000 1.000000000
1645868558.215150833 0.999857701 -0.014765381 -0.008158450 75.288101196 0.014510991 0.999432268 -0.030406800 4.165456772 0.008602786 0.030284086 0.999504310 -0.862873912 0.000000000 0.000000000 0.000000000 1.000000000
1645868559.015395880 0.999690542 -0.023142925 -0.009122748 75.789665222 0.023058737 0.999691522 -0.009227971 4.189023972 0.009333496 0.009014757 0.999915806 -0.887473166 0.000000000 0.000000000 0.000000000 1.000000000
1645868560.115026951 0.997163984 0.021328182 -0.072174077 76.305145264 -0.022020027 0.999718768 -0.008803632 4.165055752 0.071966014 0.010367940 0.997353197 -0.789362192 0.000000000 0.000000000 0.000000000 1.000000000
1645868561.314743519 0.997777994 0.062663804 -0.022634528 76.805206299 -0.063151600 0.997771901 -0.021519959 4.129859447 0.021235574 0.022901548 0.999512166 -0.815788925 0.000000000 0.000000000 0.000000000 1.000000000
1645868563.015036583 0.995971779 0.057726968 0.068613506 77.319808960 -0.055048946 0.997669964 -0.040302060 4.091830254 -0.070780150 0.036362613 0.996828938 -0.874356449 0.000000000 0.000000000 0.000000000 1.000000000
1645868564.614766359 0.996526260 -0.010716874 0.082586698 77.863014221 0.013278270 0.999445709 -0.030528061 4.114659786 -0.082213755 0.031518623 0.996116195 -0.908519328 0.000000000 0.000000000 0.000000000 1.000000000
1645868567.015208244 0.999119726 0.019993532 0.036878619 78.381881714 -0.019344126 0.999652944 -0.017882860 4.105522633 -0.037223362 0.017153734 0.999159732 -0.919634759 0.000000000 0.000000000 0.000000000 1.000000000
1645868568.614937544 0.999857085 0.015099896 -0.007602743 78.888175964 -0.015288716 0.999559880 -0.025422464 4.094141960 0.007215521 0.025535067 0.999647886 -0.926878393 0.000000000 0.000000000 0.000000000 1.000000000
1645868569.515072346 0.999995236 0.002549805 -0.001739460 79.399093628 -0.002589968 0.999720677 -0.023491704 4.073046207 0.001679075 0.023496097 0.999722519 -0.907581449 0.000000000 0.000000000 0.000000000 1.000000000
1645868570.314799786 0.999499818 -0.029407404 0.011632642 79.942962646 0.029625396 0.999379837 -0.019033582 4.073633671 -0.011065700 0.019368684 0.999751171 -0.926337481 0.000000000 0.000000000 0.000000000 1.000000000
1645868571.115162373 0.999261212 -0.036163797 0.013008058 80.492240906 0.036406262 0.999158097 -0.018912449 4.112641811 -0.012313161 0.019372051 0.999736520 -0.931784570 0.000000000 0.000000000 0.000000000 1.000000000
1645868571.815378666 0.999593679 -0.025081539 0.013542268 81.019531250 0.025282825 0.999569251 -0.014902733 4.147560120 -0.013162651 0.015239064 0.999797237 -0.958624423 0.000000000 0.000000000 0.000000000 1.000000000
1645868572.614720106 0.999686912 -0.017674145 0.017711626 81.561546326 0.017817950 0.999809285 -0.007994609 4.173276424 -0.017566951 0.008307690 0.999811174 -0.947354972 0.000000000 0.000000000 0.000000000 1.000000000
1645868573.414954662 0.999854542 -0.009060268 0.014450153 82.095695496 0.009190535 0.999917496 -0.008974137 4.169062138 -0.014367652 0.009105636 0.999855319 -0.959633112 0.000000000 0.000000000 0.000000000 1.000000000
1645868574.314802647 0.999997709 0.001286562 -0.001710719 82.639518738 -0.001312623 0.999881755 -0.015321624 4.172356129 0.001690804 0.015323835 0.999881154 -0.957786500 0.000000000 0.000000000 0.000000000 1.000000000
1645868575.214814663 0.999850333 -0.011850382 0.012604733 83.146072388 0.011890356 0.999924498 -0.003101194 4.175826073 -0.012567031 0.003250605 0.999915748 -0.970976472 0.000000000 0.000000000 0.000000000 1.000000000
1645868576.215407848 0.999205135 -0.039859909 0.000535023 83.654289246 0.039863497 0.999110308 -0.013765700 4.171405315 0.000014152 0.013776086 0.999905105 -0.964419663 0.000000000 0.000000000 0.000000000 1.000000000
1645868577.214958429 0.998395116 -0.055020206 0.013415291 84.205902100 0.055161850 0.998422978 -0.010427212 4.172340870 -0.012820427 0.011150489 0.999855641 -0.961438179 0.000000000 0.000000000 0.000000000 1.000000000
1645868578.315024614 0.995638934 -0.093186087 0.004412119 84.707542419 0.093252891 0.995466516 -0.018716644 4.229389668 -0.002647986 0.019046463 0.999815093 -0.974846423 0.000000000 0.000000000 0.000000000 1.000000000
1645868579.515077591 0.987326435 -0.157946076 0.015477317 85.238281250 0.158118635 0.987362833 -0.010636413 4.302649975 -0.013601748 0.012948864 0.999823644 -1.004929304 0.000000000 0.000000000 0.000000000 1.000000000
1645868580.814661264 0.972199779 -0.233455470 0.018059140 85.760581970 0.233386796 0.972366378 0.005850676 4.423136711 -0.018925973 -0.001473261 0.999819802 -0.995358407 0.000000000 0.000000000 0.000000000 1.000000000
1645868582.114971161 0.940737317 -0.339112279 0.004020364 86.240966797 0.339093314 0.940740832 0.004734086 4.609511852 -0.005387507 -0.003090252 0.999980712 -0.965034664 0.000000000 0.000000000 0.000000000 1.000000000
1645868583.415903568 0.919846778 -0.391921915 0.016706825 86.720275879 0.392091510 0.919888173 -0.008366455 4.850162029 -0.012089413 0.014246460 0.999825427 -0.996736169 0.000000000 0.000000000 0.000000000 1.000000000
1645868584.715985775 0.896676619 -0.442539361 0.011399816 87.178482056 0.442631283 0.896673614 -0.007346996 5.117621899 -0.006970580 0.011633794 0.999908029 -1.012671709 0.000000000 0.000000000 0.000000000 1.000000000
1645868585.915921450 0.868991366 -0.494737999 0.009397827 87.613395691 0.494740252 0.869037995 0.002246442 5.418056011 -0.009278469 0.002697344 0.999953316 -1.046875119 0.000000000 0.000000000 0.000000000 1.000000000
1645868587.115306854 0.838715712 -0.544476149 0.010083501 88.047805786 0.544289055 0.838734237 0.016562142 5.724472523 -0.017475069 -0.008402590 0.999811992 -1.033100128 0.000000000 0.000000000 0.000000000 1.000000000
1645868588.215194941 0.755910133 -0.654391330 0.019283639 88.372764587 0.653877108 0.756114974 0.027108546 6.138054848 -0.032320245 -0.007882495 0.999446481 -1.047358871 0.000000000 0.000000000 0.000000000 1.000000000
1645868589.514986038 0.658631779 -0.752201995 0.019908227 88.664306641 0.751119269 0.658805223 0.042373601 6.546095371 -0.044989151 -0.012955147 0.998903469 -1.030310869 0.000000000 0.000000000 0.000000000 1.000000000
1645868591.014662266 0.524872085 -0.850947842 0.019926488 88.853370667 0.850128016 0.525243194 0.037442540 7.026889801 -0.042327901 -0.002712478 0.999100091 -1.106160760 0.000000000 0.000000000 0.000000000 1.000000000
1645868592.714741468 0.421597763 -0.906767754 -0.005250366 88.950477600 0.905838804 0.420887578 0.048059414 7.525485039 -0.041368913 -0.025017727 0.998830680 -1.105119348 0.000000000 0.000000000 0.000000000 1.000000000
1645868594.514958858 0.257718913 -0.966006929 0.020287311 88.964462280 0.965147056 0.258365184 0.041696429 8.036577225 -0.045520574 0.008834280 0.998924338 -1.157528877 0.000000000 0.000000000 0.000000000 1.000000000
1645868595.814986706 0.182753135 -0.983012989 0.016933815 88.983367920 0.982714332 0.183161283 0.026916262 8.576286316 -0.029560655 0.011722072 0.999494252 -1.127326488 0.000000000 0.000000000 0.000000000 1.000000000
1645868596.815037012 0.161182850 -0.986771029 0.017407619 88.989906311 0.986328956 0.161673209 0.031889883 9.086729050 -0.034282358 0.012029537 0.999339787 -1.143893480 0.000000000 0.000000000 0.000000000 1.000000000
1645868598.014878750 0.147669154 -0.989029598 0.003778299 89.000083923 0.988300952 0.147705545 0.038003942 9.582614899 -0.038145100 -0.001877913 0.999270446 -1.256378055 0.000000000 0.000000000 0.000000000 1.000000000
1645868599.315021753 0.045373004 -0.998847613 0.015644028 88.936637878 0.998063003 0.045993460 0.041890851 10.094060898 -0.042562100 0.013713012 0.998999710 -1.199198604 0.000000000 0.000000000 0.000000000 1.000000000
1645868600.515113354 0.063632063 -0.997838373 0.016417757 88.904548645 0.997229628 0.064211067 0.037550081 10.637972832 -0.038523114 0.013982884 0.999159871 -1.172407746 0.000000000 0.000000000 0.000000000 1.000000000
1645868601.514753103 0.056150549 -0.998087009 0.025873516 88.876861572 0.998061900 0.056807671 0.025403390 11.175165176 -0.026824607 0.024396956 0.999342398 -1.159218907 0.000000000 0.000000000 0.000000000 1.000000000
1645868602.615020275 0.075853764 -0.996819793 0.024423489 88.908218384 0.996860717 0.076368787 0.020893037 11.703304291 -0.022691785 0.022762001 0.999483354 -1.229619861 0.000000000 0.000000000 0.000000000 1.000000000
